4
5
5 4 4
9 3 7
12 1 9
7 3 1 2 4
4 2 2 2
2 1 2 2
3 3 2 3 4 4
6 14 4 4
6 16 5 5
6 2 13 5 5
5 3 11 2 5 4
4 2 16 2 4 4
4 4 15 2 3 3
2 4 14 3 3 2 2
2 5 12 2 2 3 3
2 4 10 2 2 2 4
2 3 3 3 3 1 1 4
2 2 3 3 11 1 1 5
1 1 7 9 5 1 5
2 8 4 3 6 6
5 9 2 14
5 10 2 12 4
5 12 2 13 4
4 12 2 16 4
3 3 6 2 1 2 13 3
3 2 6 2 2 2 14 4
2 2 3 4 1 2 13 3
2 6 4 10 1 3
2 4 2 4 6 1 4
5 2 7 1 4
1 3 4 2 4
3 5 3 4
4 6 2

4
4 6
8 6
10 4
7 3 3 4
5 2 2 6
2 4 3 2 3 2
4 2 9 2 1 1
4 7 6 1
5 5 8 1
5 3 9 2
4 8 1
4 4 9 2
3 8 8 3
2 17 3
2 2 6 10
2 3 15 3 1
2 10 1 3 3 1
2 10 1 2 1
3 2 9 1 2 2
6 11 2 3 3
4 10 6 3
3 2 9 5 4
2 3 9 3 7
3 9 2 10
2 8 8 4
3 6 10 2
3 3 1 12 2
4 3 3 1 8 2
5 6 2 9 1
4 3 13 2
2 13 2
5 12 1
7 12 1
9 11 1
10 9 2
10 2 6 1
4 5 2
4 1 1 4 2
8 2 2 4
9 3 3 2
8 5 4 5
7 5 11
4 6 9
5 5
