3 5
4 4 7
6 6 1 1 3
4 7 2 2 3
3 4 2 9
6 1 1 1 2
4 1 1 1 2 3
4 1 2 6
5 3 1 2 4 2
5 1 2 5 2
3 3 1 1 7
1 1 2 1 3
1 3 4 3 4
4 1 4 3 3 1
13 3 3 2
13 5 3
12 3
10 4
4 15
3 19
2 6 6
2 4 10 4
1 4 4 4 4
1 3 9 2 3 1
2 5 6 1
3 10 3
6 6
17 3
17 3
16 3

1 5
3 6
5 2 5 3
5 4 5 2 2 2
10 5 4 5
2 6 11 5
1 6 11 2 4
4 8 1 4
4 7 1 1 4
4 1 7 3 4
3 1 1 8 5 3
3 1 1 1 3 2 3 1 3
6 4 3 2 1 1 1 3
3 2 3 2 1 1 1 3
4 2 1 1 1 3
4 2 1 1 1 3
6 2 1 1 1 3
1 1 2 1 1 1 3
2 2 2 2 2 2 3
2 3 2 5 2
5 2 4 2 3 2
1 2 2 5 1 1 2 1 1 1
2 1 6 2 1 2 1 1
6 5 1 1 3 2 2
2 2 4 2 2 4 5
2 1 3 1 1 1 4 5
8 1 2 2 2 1 2
6 2 1 1 3
3 2 1 2
1 3
